1|1013|4.366379310344827
2|110|3.793103448275862
3|82|2.1025641025641026
4|768|3.5555555555555554
5|160|3.6363636363636362
6|1097|3.4936305732484074
7|455|2.9934210526315788
8|168|3.574468085106383
9|150|3.260869565217391
10|429|3.0642857142857145
11|242|3.78125
12|136|4.25
13|113|3.6451612903225805
14|163|3.3958333333333335
15|443|3.2814814814814817
16|343|3.5
17|415|3.9523809523809526
18|1747|3.4800796812749004
19|1833|2.607396870554765
20|818|3.3801652892561984
21|1320|2.979683972911964
22|274|2.302521008403361
23|421|3.479338842975207
24|379|3.4454545454545453
25|124|4.769230769230769
26|68|3.238095238095238
27|479|3.5481481481481483
28|1588|2.7859649122807015
29|319|3.9382716049382718
30|160|4.705882352941177
31|196|3.92
32|383|3.7549019607843137
33|591|3.7884615384615383
34|277|3.2209302325581395
35|94|4.086956521739131
36|144|2.4
37|87|4.142857142857143
38|251|3.217948717948718
39|400|4.0
40|388|3.766990291262136
41|682|3.142857142857143
42|1569|3.565909090909091
43|519|4.552631578947368
44|161|3.3541666666666665
45|1539|3.857142857142857
46|168|4.0
47|398|2.842857142857143
48|125|3.787878787878788
49|84|4.0
50|793|2.5580645161290323
51|1290|3.5933147632311977
52|570|4.384615384615385
53|100|5.0
54|100|3.0303030303030303
55|65|2.6
56|175|3.8043478260869565
57|1615|3.392857142857143
58|437|3.9017857142857144
59|466|4.355140186915888
60|82|3.727272727272727
61|148|3.7948717948717947
62|1417|3.871584699453552
63|941|3.4723247232472323
64|1833|3.5454545454545454
65|128|3.764705882352941
66|1320|3.8260869565217392
67|135|3.75
68|3786|3.0047619047619047
69|201|4.369565217391305
70|255|4.112903225806452
71|126|3.6
72|173|3.8444444444444446
73|738|3.5142857142857142
74|730|4.124293785310734
75|211|3.0579710144927534
76|341|2.865546218487395
77|114|3.9310344827586206
78|183|3.0
79|269|4.203125
80|681|4.077844311377246
81|72|2.769230769230769
82|709|3.1233480176211454
83|361|3.059322033898305
84|1081|3.689419795221843
85|126|3.7058823529411766
86|259|3.7
87|79|3.761904761904762
88|209|3.732142857142857
89|1678|3.2393822393822393
90|220|4.074074074074074
91|1839|3.1982608695652175
92|91|3.7916666666666665
93|416|4.288659793814433
94|170|3.0357142857142856
95|664|3.9523809523809526
96|303|3.8846153846153846
97|151|4.194444444444445
98|347|3.7717391304347827
99|205|3.8679245283018866
100|547|3.695945945945946
101|217|3.557377049180328
102|188|3.357142857142857
103|1393|3.6949602122015914
104|919|3.3663003663003663
105|2843|3.9376731301939056
106|142|4.303030303030303
107|133|3.911764705882353
108|303|3.986842105263158
109|409|3.220472440944882
110|178|3.4901960784313726
111|1989|3.0789473684210527
112|220|3.3846153846153846
113|547|3.6466666666666665
114|98|3.161290322580645
115|422|3.767857142857143
116|279|3.206896551724138
117|551|3.3393939393939394
118|84|3.8181818181818183
119|860|4.0
120|75|3.409090909090909
121|191|3.293103448275862
122|1274|4.363013698630137
123|211|3.767857142857143
124|189|3.78
125|1313|3.647222222222222
126|125|3.289473684210526
127|68|3.090909090909091
128|144|4.363636363636363
129|513|3.664285714285714
130|99|3.5357142857142856
131|222|3.217391304347826
132|994|2.8645533141210375
133|105|3.0
134|125|3.5714285714285716
135|1013|3.630824372759857
136|368|3.315315315315315
137|536|3.801418439716312
138|72|3.272727272727273
139|365|1.8814432989690721
140|2081|3.4226973684210527
141|559|3.3273809523809526
142|145|3.8157894736842106
143|232|3.267605633802817
144|438|3.421875
145|77|3.347826086956522
146|95|2.96875
147|61|3.05
148|173|3.6041666666666665
149|158|2.7241379310344827
150|93|3.576923076923077
151|209|3.542372881355932
152|240|3.8095238095238093
153|352|1.9664804469273742
154|145|4.264705882352941
155|166|3.608695652173913
156|1433|3.600502512562814
157|73|3.4761904761904763
158|83|3.1923076923076925
159|303|3.1237113402061856
160|1170|2.677345537757437
161|144|3.6923076923076925
162|161|4.2368421052631575
163|69|3.0
164|153|4.25
165|230|3.5384615384615383
166|725|3.8157894736842106
167|557|3.2196531791907512
168|396|4.212765957446808
169|1088|4.044609665427509
170|167|3.34
171|380|4.634146341463414
172|93|3.576923076923077
173|87|3.48
174|245|3.656716417910448
175|79|3.2916666666666665
176|146|4.055555555555555
177|2905|3.213495575221239
178|296|3.844155844155844
179|261|3.782608695652174
180|80|3.3333333333333335
181|347|2.940677966101695
182|3185|3.2599795291709315
183|218|3.824561403508772
184|464|3.462686567164179
185|166|3.5319148936170213
186|922|4.079646017699115
187|934|3.62015503875969
188|211|4.395833333333333
189|79|3.95
190|251|3.803030303030303
191|318|3.7411764705882353
192|89|4.045454545454546
193|128|3.657142857142857
194|63|3.15
195|660|3.5294117647058822
196|120|3.75
197|135|3.857142857142857
198|803|3.491304347826087
199|1190|3.278236914600551
200|1218|3.6467065868263475
201|451|4.1
202|1539|3.8188585607940446
203|167|3.7111111111111112
204|313|3.7710843373493974
205|98|3.6296296296296298
206|101|4.04
207|52|2.6
208|86|3.3076923076923075
209|141|4.0285714285714285
210|528|3.8260869565217392
211|328|3.6853932584269664
212|839|3.3830645161290325
213|301|3.5833333333333335
214|63|2.8636363636363638
215|361|3.683673469387755
216|601|3.6646341463414633
217|1693|2.761827079934747
218|86|3.3076923076923075
219|1536|2.909090909090909
220|782|3.7777777777777777
221|1284|3.879154078549849
222|728|2.912
223|230|3.066666666666667
224|230|4.2592592592592595
225|274|3.6533333333333333
226|1667|3.287968441814596
227|373|3.9680851063829787
228|89|3.56
229|243|3.7384615384615385
230|372|2.676258992805755
231|92|3.8333333333333335
232|2600|3.0162412993039442
233|463|3.0866666666666664
234|708|3.504950495049505
235|237|3.646153846153846
236|119|3.966666666666667
237|154|3.08
238|162|3.6818181818181817
239|1065|3.817204301075269
240|501|3.9140625
241|283|3.723684210526316
242|126|3.6
243|149|4.138888888888889
244|351|3.774193548387097
245|57|2.7142857142857144
246|838|4.107843137254902
247|547|3.6466666666666665
248|178|3.4901960784313726
249|3622|3.462715105162524
250|110|4.074074074074074
251|111|4.826086956521739
252|152|4.0
253|193|4.1063829787234045
254|476|3.748031496062992
255|113|2.5681818181818183
256|652|3.7471264367816093
257|58|2.9
258|101|4.04
259|87|3.0
260|536|3.526315789473684
261|193|3.641509433962264
262|177|3.1052631578947367
263|764|3.638095238095238
264|185|3.3035714285714284
265|546|3.3496932515337425
266|630|3.5
267|238|4.175438596491228
268|422|3.2713178294573644
269|105|3.6206896551724137
270|128|3.2
271|128|2.9767441860465116
272|106|3.4193548387096775
273|220|4.0
274|3999|2.971025260029718
275|1647|4.086848635235732
276|180|4.390243902439025
277|100|3.5714285714285716
278|74|3.7
279|615|3.4943181818181817
280|720|3.673469387755102
281|63|3.0
282|904|3.8143459915611815
283|116|3.3142857142857145
284|327|3.715909090909091
285|138|3.8333333333333335
286|382|3.6037735849056602
287|358|2.3552631578947367
288|3211|3.043601895734597
289|80|3.3333333333333335
290|1106|4.142322097378277
291|132|4.258064516129032
292|1404|3.1479820627802693
293|55|2.619047619047619
294|1141|2.610983981693364
295|143|3.4878048780487805
296|107|3.962962962962963
297|187|2.5972222222222223
298|1991|2.1203407880724177
299|84|3.652173913043478
300|135|4.21875
301|348|3.0526315789473686
302|128|4.0
303|200|3.7735849056603774
304|836|3.8703703703703702
305|2550|3.7666174298375186
306|355|3.169642857142857
307|2382|2.443076923076923
308|265|2.3043478260869565
309|375|3.6407766990291264
310|213|3.328125
311|59|2.107142857142857
312|827|3.708520179372197
313|1167|3.4323529411764704
314|390|3.046875
315|111|3.3636363636363638
316|145|2.7358490566037736
317|705|3.7301587301587302
318|3088|3.5130830489192264
319|148|4.228571428571429
320|66|3.3
321|200|3.5714285714285716
322|341|3.1869158878504673
323|285|2.9081632653061225
324|66|3.142857142857143
325|957|3.5444444444444443
326|573|3.7697368421052633
327|187|3.8958333333333335
328|781|3.062745098039216
329|63|2.739130434782609
330|861|3.48582995951417
331|591|3.517857142857143
332|893|3.344569288389513
333|66|2.64
334|481|3.1233766233766236
335|99|3.5357142857142856
336|232|4.142857142857143
337|324|4.207792207792208
338|106|2.717948717948718
339|1430|3.8544474393530996
340|118|4.214285714285714
341|188|3.6153846153846154
342|194|2.9393939393939394
343|228|3.864406779661017
344|252|3.652173913043478
345|231|3.725806451612903
346|564|3.4390243902439024
347|160|3.5555555555555554
348|249|4.527272727272727
349|138|3.72972972972973
350|130|3.25
351|479|3.397163120567376
352|1073|3.6496598639455784
353|314|3.488888888888889
354|789|3.4911504424778763
355|101|3.8846153846153846
356|1107|3.830449826989619
357|1431|3.7362924281984333
358|128|3.1219512195121952
359|234|3.1621621621621623
360|84|3.36
361|286|2.948453608247423
362|442|4.055045871559633
363|96|3.2
364|88|4.190476190476191
365|692|2.4981949458483754
366|116|3.7419354838709675
367|714|3.8594594594594596
368|1333|2.8422174840085286
369|408|3.1627906976744184
370|306|3.2903225806451615
371|181|4.414634146341464
372|792|3.3559322033898304
373|319|3.19
374|120|3.6363636363636362
375|124|3.757575757575758
376|515|3.8721804511278197
377|480|3.66412213740458
378|177|3.6875
379|122|3.388888888888889
380|4452|3.6551724137931036
381|1582|3.3375527426160336
382|938|3.223367697594502
383|129|3.7941176470588234
384|216|3.085714285714286
385|684|3.4029850746268657
386|187|2.75
387|3098|3.0165530671859786
388|101|3.4827586206896552
389|140|4.117647058823529
390|292|3.6049382716049383
391|1434|3.715025906735751
392|80|3.2
393|460|3.7398373983739837
394|68|2.9565217391304346
395|186|3.0491803278688523
396|82|2.9285714285714284
397|87|3.782608695652174
398|190|4.130434782608695
399|135|3.75
400|186|4.325581395348837
401|233|3.236111111111111
402|185|3.8541666666666665
403|119|3.5
404|204|3.4
405|453|3.775
406|62|3.1
407|89|4.045454545454546
408|554|3.9290780141843973
409|484|3.8412698412698414
410|678|4.059880239520958
411|414|3.2598425196850394
412|397|3.892156862745098
413|242|4.321428571428571
414|8926|3.3083765752409193
415|362|3.851063829787234
416|145|2.843137254901961
417|291|4.343283582089552
418|313|3.3655913978494625
419|552|3.5612903225806454
420|508|3.602836879432624
421|144|3.891891891891892
422|309|3.3225806451612905
423|82|3.5652173913043477
424|465|3.369565217391304
425|1012|3.30718954248366
426|306|3.477272727272727
427|246|2.9285714285714284
428|738|2.46
429|231|3.9827586206896552
430|215|3.706896551724138
431|50|2.5
432|883|3.396153846153846
433|80|3.6363636363636362
434|827|3.5493562231759657
435|174|4.142857142857143
436|337|3.1792452830188678
437|464|3.80327868852459
438|1996|3.1433070866141732
439|83|3.9523809523809526
440|120|3.6363636363636362
441|196|4.355555555555555
442|20|1.0
443|150|4.054054054054054
444|160|3.8095238095238093
445|283|3.675324675324675
446|270|3.2142857142857144
447|302|3.871794871794872
448|5032|2.699570815450644
449|114|3.0
450|204|4.0
451|129|3.7941176470588234
452|920|4.554455445544554
453|1226|3.942122186495177
454|158|3.511111111111111
455|197|3.456140350877193
456|164|3.813953488372093
457|173|3.46
458|245|4.1525423728813555
459|109|4.1923076923076925
460|325|3.9634146341463414
461|72|2.6666666666666665
462|1438|3.1604395604395603
463|119|3.606060606060606
464|498|3.608695652173913
465|478|4.156521739130435
466|415|3.672566371681416
467|75|3.409090909090909
468|112|3.393939393939394
469|1708|3.6731182795698927
470|281|3.5125
471|102|3.642857142857143
472|116|4.0
473|119|3.2162162162162162
474|6721|3.1883301707779887
475|645|4.161290322580645
476|254|3.681159420289855
477|2123|3.5383333333333336
478|56|2.5454545454545454
479|601|3.320441988950276
480|2541|3.039473684210526
481|87|2.806451612903226
482|419|3.2734375
483|2471|3.394230769230769
484|1002|3.6436363636363636
485|89|3.869565217391304
486|225|4.017857142857143
487|167|2.982142857142857
488|407|3.6666666666666665
489|1784|2.753086419753086
490|333|2.9469026548672566
491|256|4.0
492|468|3.8677685950413223
493|225|3.6885245901639343
494|93|4.2272727272727275
495|1008|3.8037735849056604
496|94|3.2413793103448274
497|179|3.5098039215686274
498|142|4.057142857142857
499|99|3.6666666666666665
500|279|3.244186046511628
501|144|3.2
502|112|3.2
503|298|3.136842105263158
504|314|3.6091954022988504
505|126|4.064516129032258
506|133|3.1666666666666665
507|71|3.380952380952381
508|47|1.9583333333333333
509|1380|2.955032119914347
510|288|2.6666666666666665
511|206|3.9615384615384617
512|189|3.78
513|118|3.6875
514|1263|3.181360201511335
515|125|4.8076923076923075
516|96|3.6923076923076925
517|868|2.17
518|80|3.3333333333333335
519|111|4.269230769230769
520|695|3.736559139784946
521|144|3.6
522|717|3.585
523|342|4.56
524|453|3.4580152671755724
525|1636|3.272
526|233|4.017241379310345
527|688|4.119760479041916
528|236|3.232876712328767
529|80|3.2
530|102|3.7777777777777777
531|83|3.772727272727273
532|214|4.28
533|164|4.315789473684211
534|1860|3.576923076923077
535|80|2.6666666666666665
536|136|3.4
537|183|3.893617021276596
538|158|4.27027027027027
539|134|3.526315789473684
540|160|3.8095238095238093
541|295|3.3908045977011496
542|373|3.3008849557522124
543|336|4.421052631578948
544|96|4.363636363636363
545|73|3.1739130434782608
546|220|3.4375
547|87|4.142857142857143
548|103|3.9615384615384617
549|76|3.619047619047619
550|111|3.9642857142857144
551|438|3.5609756097560976
552|544|2.893617021276596
553|347|4.180722891566265
554|356|4.0
555|1997|3.4550173010380623
556|126|3.9375
557|97|3.5925925925925926
558|220|3.9285714285714284
559|460|3.2857142857142856
560|1536|3.353711790393013
561|1593|3.1544554455445546
562|899|3.8917748917748916
563|651|3.056338028169014
564|533|3.394904458598726
565|106|3.6551724137931036
566|262|3.5405405405405403
567|757|1.9662337662337663
568|93|4.043478260869565
569|80|4.0
570|604|3.162303664921466
571|288|2.5714285714285716
572|639|4.122580645161291
573|1189|3.9765886287625416
574|91|3.9565217391304346
575|114|3.1666666666666665
576|58|2.9
577|574|3.5652173913043477
578|100|3.7037037037037037
579|290|3.9726027397260273
580|1446|3.31651376146789
581|162|4.05
582|212|3.7857142857142856
583|177|3.1607142857142856
584|341|4.108433734939759
585|256|4.19672131147541
586|873|4.197115384615385
587|656|3.9757575757575756
588|182|3.25
589|161|4.025
590|2281|3.133241758241758
591|177|3.2777777777777777
592|337|3.5851063829787235
593|315|3.058252427184466
594|855|3.685344827586207
595|84|4.2
596|1333|3.24330900243309
597|1762|3.9774266365688487
598|79|3.761904761904762
599|5905|2.3829701372074252
600|2116|2.7732634338138924
601|431|4.267326732673268
602|458|3.3925925925925924
603|3308|3.5079533404029695
604|348|3.48
605|677|3.063348416289593
606|3840|3.4439461883408073
607|708|3.786096256684492
608|2415|2.9061371841155235
609|121|3.27027027027027
610|4527|3.4769585253456223
